916.7402011956109 441.9083975167843
932.0547734689939 438.1084289755071
988.7444888103769 348.5755724462977
953.1775803890603 384.4067994334944
893.7985553755962 399.963685727396
968.732294005692 444.0734429138888
893.5536038898855 400.0393333995263
930.525637706065 440.0882385091276
968.810829413434 442.99459038978785
986.9702255473763 349.1430262451285
987.620043066303 349.00662611617577
953.1794285398518 382.91930756831135
919.7309602130903 442.01358259888616
968.7878595393108 443.596650262145
931.0018418097889 439.4482722939736
815.1534555830267 452.73695502404576
728.4933706946496 453.72395280367357
748.2285546478846 444.8403429856378
748.0273179788871 444.9613528588921
748.1603628340814 445.06251711293265
815.4941368793791 451.48749232977826
815.2211606071126 451.5897704246977
815.7384338116843 451.31490749849814
815.641724921159 451.09964193487633
815.3191235999607 450.9463609286047
747.8256467744358 444.7997991776488
815.1382633434846 450.9598865321652
614.5578095362129 492.3914587042431
623.6023844874719 379.13307364764853
555.0655797863194 458.5164498258311
597.6286987818517 500.1214635240873
494.27622457833036 504.50593828676074
580.5571814084653 367.846636781788
512.5483826625749 484.0180787661109
611.8555545579179 495.3038370141026
441.4530874872278 357.76894553806926
343.2197805840505 376.9239944078014
468.57073452920855 441.83144348806775
338.42909045931856 364.9086655712913
404.2099062980025 478.1529777296713
426.82236125917535 396.13781007234485
422.64727861215624 376.29331295019523
439.96427551433646 486.86090183842475
337.5060518981545 365.54403341126164
439.73860860206355 487.1206825340578
337.0146473042152 365.5894836195662
337.919883662889 365.3350548606003
436.91555276756816 361.6683401915712
437.1494648525687 362.1397891573211
151.792447584347 382.26463315310815
126.24052872838867 422.23786858878407
192.0331835955247 411.2053654414988
184.72323017287783 439.1735468789937
163.3844041277063 353.834601032992
25.42964823151585 451.29287545089267
85.61025639653825 355.0578843412707
73.12695487790991 454.34544576158555
-36.498312250830004 336.5061136933014
30.91230306398405 329.91699408383516
30.634524899928856 330.01616167496707
30.572914373096076 330.0935199866692
30.367918147354544 330.07706814435545
-77.94383261563522 337.0093607534733
30.97058581930234 330.0134499537164
30.607149166329467 330.2286385110552
30.76931339738777 330.1043723721206
30.52527498617538 330.34186524927975
30.822271718282867 330.26367086936233
-77.71890454684807 335.30654281973176
30.069898331773178 330.29558447320875
-77.91058511670076 338.226830087387
-78.10358992244666 337.27087409047334
-78.04506510407913 338.02306046172436
-36.43641020021166 335.31367690180497
-78.04085150801622 336.8045075394001
29.960455902312255 330.19487125596845
-78.08360826482553 337.54915829581665
-77.90527117623681 337.73549149883314
-36.34657274533012 336.19030542635164
30.898023898940046 330.1982650328684
-77.55882587755332 333.8801499396445
-35.969060443918266 335.06651423568314
-77.78558647940265 336.97663308320676
-228.56835068918213 468.21131670972454
-223.1248329249263 455.2660641252846
-89.5437568551105 340.6310872518957
-161.81248129540546 374.3354172045313
-249.95171146171367 345.1458996176274
-208.97635716892393 410.24651620852467
-243.86723980796899 435.9912429832746
-126.27362516288864 490.2629170354955
-90.31020589005918 344.4108196420955
-82.70014798174171 332.8073644105526
-83.2948345025035 332.5356532415065
-83.35946477571886 332.20529628752234
-83.65321624304362 331.76006246067834
-83.37594412027659 332.91304453304514
-83.48804326650031 331.59414692354915
-354.56006226478144 350.2498210490536
-321.4821811744125 440.1865480302492
-369.91163605713643 376.0370635426817
-350.7912290138477 477.82562264561113
-326.32719098111363 368.31318484767104
-376.13918641599207 473.56876482651603
-365.53853175343426 372.0980326552403
-293.8092693281069 482.78516554712303
-329.1809888238644 373.5558110960906
-337.38783442437926 470.79614398203597
-274.84928287361186 459.5802146189168
-354.9927193154802 353.48542704371675
-453.7763454701875 450.9333853699225
-445.5587739945433 438.1426610185161
-505.38656687319525 329.9147388998336
-504.46205694198136 329.9201623423349
-445.57193106803527 437.21697399126236
-445.6023045462221 437.6675625049978
-445.59194170071254 448.64052879464197
-445.593179301689 449.0866261919451
-445.576578947258 439.97825153523706
-453.5578731449245 449.27595713954895
-453.0838994731826 449.3550233405987
-629.5634658773563 505.75077957271526
-629.5660015842458 474.85744297039116
-629.5596210636561 471.18962821160517
-760.9760711455872 329.92498073546994
-629.5901540548576 471.51796100043674
-629.6028105875102 472.46378792091417
-634.7480513902041 472.3506491898702
-634.6841086730867 472.5034874100147
-634.1829462830042 472.29405782255304
-634.31964893664 471.93998430852326
-629.5839275468338 506.8100119960027
-629.590885614546 507.003904534539
-634.023532276338 472.2265384386138
-634.6352041829457 471.8546269691765
-634.3782947215781 471.6982340840051
-634.8731700987001 471.9511955982578
-635.0184369510931 472.3548391567316
-991.2569816337814 329.8893488282454
-813.569109337809 501.28635613074033
-994.2676266643953 329.9149809195801
-992.0845269036015 329.90240689365925
-813.5833665010579 509.7279216946709
-813.577877053171 498.65251435931214
-979.6088871663516 145.92767045492548
-831.0895568396223 145.90032222357
-665.4536411741742 246.32523619103108
-665.556686581699 247.1683862340522
-665.395050393724 246.27614468563132
-665.6524933986237 247.27765539937644
-665.2978794655008 246.27519860844043
-665.3262067767399 247.07227139199563
-665.8100372527032 246.32562397267037
-665.8984899696032 247.16591653254807
-665.4312708489686 247.53777987305847
-665.2180954558847 247.26322497199087
-665.1884425364887 247.2122440624337
-665.972036470298 246.35411904759735
-665.980347648411 247.07743631340406
-664.8760610491315 246.36020804440156
-665.5085741561828 245.65151647191226
-664.7977016557506 246.47908099330314
-666.1809435151251 246.26100470035257
-664.8974247922097 245.93859864508607
-665.6078022522513 247.90799307893357
-665.3642093773905 245.53713463944305
-666.0975622120042 247.6463807338554
-665.9772508957454 245.73779926176695
-665.0925312110371 247.78755800257727
-664.8972157751559 247.60729729501867
-664.7724105922405 247.31973108235184
-665.702030440375 245.50406044090315
-665.5881436482963 247.97939715482678
-665.7652746004967 247.9625162775078
-666.3956260311758 247.2263252113215
-665.0778175105391 245.30755140763577
-665.1922818497401 245.1779965871951
-664.5154571272826 247.25567010558564
-664.8929749291432 248.04948112301176
-650.3401625581203 257.1160853716519
-666.1683144847163 247.99926752606
-666.3605221670344 245.5698128056705
-665.6392153152584 244.9423711123983
-650.6467795751514 257.3176575680252
-664.5342246585345 245.53938982344462
-665.4709455860495 244.8149202136176
-666.1450970903979 248.1194990858113
-664.427730469622 247.5961506355573
-649.927419882245 256.14214840766243
-650.0613943132838 256.9352636183173
-650.4391926380325 256.9426122178931
-650.7900552650844 257.2604308988735
-650.0405201101474 257.0852471055428
-661.5924196352352 243.93557446737148
-661.5126631278631 245.71495864819022
-664.3377541284086 247.48268737803505
-661.1233523638089 244.72546366481438
-650.28577962099 256.8060333243549
-661.6333979786781 245.139738215676
-666.7326770313305 246.31423804368688
-661.2849060450521 245.23805323724633
-649.9570287980508 257.02714311481003
-661.7462726881804 245.64368108261905
-650.6528190679165 257.0173055621593
-664.1753148749111 246.5089126772847
-666.0813633903344 244.9692435549339
-661.7775922435582 246.01393829208445
-649.7720432049865 256.46395216378704
-650.8531399121914 255.48904437058712
-664.1700069418343 246.35513113017367
-650.3132268604236 256.62903988337416
-666.0351926232391 244.83267841251768
-664.1949734788661 247.31122463830692
-666.1880280931592 245.04979487715536
-662.11198652695 244.1063358998796
-666.1986054561714 248.18398359713387
-664.1774655503858 246.1288619187589
-650.8854715501454 257.2385418629365
-651.0065914323754 255.566512691265
-661.9606856822406 245.99636710844305
-665.5497835184747 244.38822014895229
-650.936048176717 257.47445611129444
-665.2298609158344 248.48246820063753
-661.7819265972001 246.62434784569612
-650.6954695477899 256.1941221482251
-665.0925422119346 244.195316659863
-650.8826663212654 257.1284063769287
-661.0519840408328 243.60677414039324
-650.4885371640763 256.6335805038456
-664.1878613985881 245.62997396424862
-665.7019479336432 244.10143500001283
-666.9388063495215 246.38029293313738
-650.997169163608 257.2366607094522
-662.3427193525532 246.15667768826103
-651.2677142375118 255.52343867683524
-650.2595039771475 257.50847088657645
-663.7844804865438 204.97971303973455
-662.9639290373528 205.22472503038173
-649.8183294815062 257.1356284661825
-666.9703074197091 247.1538705497105
-664.4319603147371 244.78245656489275
-663.8022744383609 204.83374763034595
-650.894382277176 257.01280619505377
-662.4681405857325 246.7312875709602
-650.6985718009042 256.83051857211814
-663.8307227594732 205.1268445442654
-469.79962031695743 199.60864031130436
-497.89776085787855 178.51848955567036
-458.7149124102605 197.77418013680855
-497.15458422173623 276.3843692302817
-479.0788389129053 232.56681238455653
-470.7983973076567 269.43949709479426
-491.6889477778066 276.70184138298873
-487.6150018825841 273.6379924020637
-473.3485593766174 175.52494731110602
-584.5246642889646 247.09549703698727
-586.6089025929792 244.06102870324347
-585.0971551237697 243.45611134774288
-585.2108095218871 243.6434758849064
-487.43098986895467 273.5718302538619
-584.6339939592254 244.0187357525411
-585.0809054229486 247.06704596565055
-584.2676338177238 243.63291227301616
-584.2741642255429 243.74417810124908
-589.5889701131342 243.52881902999798
-584.4574941835231 244.37103949717456
-585.8644044740164 243.5920851919148
-586.1877992349519 243.6224724212236
-585.2302467327786 246.21262275284602
-584.3854451800099 244.27619800901152
-584.5710867015918 246.54223439601992
-585.9711049297583 243.367372607506
-587.2590583895061 243.65739202033063
-473.47973957967383 175.64591318077004
-584.2265179630613 246.48527449863425
-588.5342398071767 243.54874440571905
-588.9420898338583 243.2697836451752
-460.6115111546724 268.33617857450076
-584.667829969922 245.36314994394732
-487.7780351845504 273.7825166938708
-584.0180743310441 244.5321421416175
-586.1267896321488 243.0780132485355
-449.4627230196386 224.8128902382861
-583.2232237287978 252.07903289609624
-624.806622726 260.4560761331188
-586.897274621393 243.21933627915016
-590.5999732263688 243.54598593065373
-584.2576711298632 245.2591392076609
-491.43765427464774 276.6647051030216
-625.3568989670556 261.5153113066306
-588.0002589894227 243.36161363762886
-580.7607003103171 252.44335512132338
-581.5855187326524 243.44265174956774
-628.4159500472402 147.32184170603435
-625.4539071163725 260.760539724451
-624.2443323015765 260.03593810385314
-581.8291446102061 245.35155224768567
-473.34508309298576 175.7874342275409
-459.72682447265674 270.2334923772546
-624.697101743255 261.370902524248
-460.52234887987913 268.57397397634304
-625.9532545302453 261.8671997673809
-583.860666613072 245.06978075781308
-583.8887257774329 246.1780744340319
-623.8184444125519 259.8675638661174
-625.9609723474458 261.2182128162206
-579.9426721920061 260.1293109721908
-554.3924220346976 213.7560751073743
-489.47969802404714 154.5472642317643
-624.8833706597762 259.3717369113556
-625.4230887893902 259.8636640479293
-625.1979413257495 262.3846599872113
-471.43991464936795 170.02492206137705
-455.0246888231274 216.3210553853598
-446.7086538137957 228.6994413438767
-473.46763309189964 175.36249155626217
-623.4769707077967 259.6763765170488
-597.8724046500776 245.2261612669747
-623.5141238328881 259.22497668711765
-611.2263096391655 245.81940667015502
-460.42427587805537 268.3918348655246
-624.2233960465022 258.88901477582226
-460.2854390502912 268.70766513426946
-611.3235520732229 245.59576942348355
-487.66883477483594 273.44741010236135
-619.0846846202935 258.8109634075733
-623.3588561332712 259.136589975603
-587.0053405635456 250.06300565745556
-449.93128424977675 213.75752172540456
-473.7770223351181 175.65273373726254
-583.1126633331214 244.96190595625566
-449.1358038461446 232.0174303102065
-612.003571868868 245.79981957203418
-611.6251354920604 245.33051578131017
-446.90033895347926 232.10036882720036
-458.65712469533287 197.93776898410198
-610.9367096355606 245.4468832757905
-610.9407249631732 245.35708019871387
-624.2316707841421 261.32020213757886
-610.8542194051428 245.40292918955527
-459.78114690485035 269.84132413005705
-420.06924669092666 272.1253332334681
-313.2574206122072 174.03368213805692
-333.5069322796901 156.9204823637833
-432.7456916557225 202.79537481851912
-323.93111848439594 148.47189203919908
-386.4309358748244 263.17580328697704
-307.4081993714079 163.13585747925492
-374.53508778680657 245.82322123138692
-423.9621886304485 149.48034431930995
-350.6759726100218 239.23430788875007
-327.8969695601096 147.2618318097978
-397.007105289619 207.48312679447756
-294.8631333133808 213.5096605022871
-394.46239416540357 253.7174240732274
-284.8313378143182 219.20738838266965
-371.2840750350986 156.57947654095273
-309.7652846871425 149.00400545459087
-284.80820842718026 185.85366803644195
-303.0051066209338 227.92384506259975
-416.90412207187313 203.18654473426238
-276.92462420171785 266.1909842970588
-281.60965895597684 216.08614771912934
-417.1504349186578 203.1813963142003
-271.76389413524754 268.49867283248614
-303.5284908241049 220.26009727369888
-303.3572728543477 220.3311740728894
-337.9928672893043 207.938904981641
-281.80934174819276 216.07296864384222
-281.71659318079213 216.3667806161036
-314.9036059252657 230.78644912385417
-303.48014737973983 220.4142418504297
-314.75091346701396 230.62905928234065
-271.63006821632587 268.58589894930736
-303.7063643368911 220.2392340714601
-337.7904617749402 207.9498618756193
-281.9528319556284 216.32201796389708
-281.73155990193413 216.19830186984092
-271.89446928893767 268.38442576101215
-335.6680641074846 235.85662530198883
-271.6618773116454 268.32161063589564
-335.5062244029046 235.79948664001765
-335.50521782077703 235.48502598302008
-295.1366156269355 213.4748646632777
-271.65592582606075 267.74305143096933
-281.34880567283085 215.78323800457875
-271.7549669068706 268.14779920453657
-314.98668470370353 230.90738749127425
-303.3980806838783 220.08094215634594
-271.6422902135246 268.0416350425511
-271.53561450980214 267.92991542729345
-265.61432088858226 226.4912311749375
-314.78644086571165 230.97068115543505
-335.2871470282753 235.71756295582452
-276.8998941839837 266.4870679546681
-265.2225954275118 235.25638607817928
-314.60698872412434 230.49901217173377
-337.8766868100826 207.73972823071324
-303.2919385236879 226.50881610970086
-314.7674423156107 230.146741429793
-302.865928765345 227.32370759709275
-315.0183397864571 230.54664605820568
-276.698957289445 266.214691231319
-303.602383853073 220.54944838199623
-303.1575955625805 227.3116451129088
-269.89238293774076 195.0089945239726
-143.66215540150847 157.52145039705675
-247.84896380376193 261.80824595731093
-162.82436585555774 200.72403781712808
-180.16225346222066 182.080492181193
-202.3701091619434 268.23765728610107
-213.5253025695865 180.12470860786223
-205.06310413471 174.87736847483455
-213.52342141610228 248.16612088970692
-241.11839740358337 166.11695220822043
-194.8020636814403 176.5575850645214
-209.51061850956597 147.59894331488908
-217.71940439338948 227.2948467423216
-222.7186687857971 189.48102149397067
-191.57504388732943 267.85260936985475
-82.76377717327833 329.58263761003946
-191.54743163443231 268.03459446810723
-226.4804174586967 174.23709973499737
-222.7275575110325 190.2488291397691
-82.51662550805403 329.5699181552608
-82.93545718073344 329.10805718078416
-191.7213613254402 268.02199018971805
-83.19484184405398 329.53697096793826
-83.01639078414541 329.276657431101
-241.3802029519251 166.07420272026894
-209.77627368450058 147.69545968970692
-195.06765560121391 176.5914678290326
-254.57416829770995 216.37565283999265
-254.7631245272404 217.22090130422498
-254.58281775342323 215.48085083266267
-224.95744494863058 204.67847546161437
-254.9659766092902 217.99984735881156
-82.4853774585105 329.108127784201
-85.098882695671 329.4771761196431
-213.79445327972354 180.1105724544866
-84.54971788904794 329.47157356474963
-217.6785126820149 227.5147271824734
-191.48492453444769 267.8581703235757
-226.0377729681179 204.8237588153537
-191.82942864270504 268.13602824413823
-255.16150415622764 218.53541505603985
-82.55744983893099 330.24496758907287
-227.38204277274357 204.8719922507431
-226.55592349427076 174.00163652343969
-225.3627675190958 200.53486638253895
-49.26634312566468 250.79168586082693
-22.748535149844358 255.5571976812488
31.00960600297806 328.6736195316806
-14.118328257076229 256.97034548066347
20.879814508374604 306.81719588437574
88.30216503066994 297.40019929705466
10.687375652342533 273.29000650972586
205.24076495849698 309.7201416121263
275.042103583586 293.491044097185
249.3683958533143 178.01832274681772
254.27602826942453 186.5385289145733
288.28924142399046 249.88376803337084
257.4906005479366 257.91197280849406
266.9336280091293 151.8048559773441
143.9849881949469 318.8849904078367
256.9004849001145 179.95138396622062
207.24128918223914 147.83487956504223
217.41610735059075 238.85847322421742
217.38863810936203 239.0856830123743
266.82779387407084 152.0196265005753
177.82015869792653 203.17346466705334
177.67520537111426 203.2995624554331
217.19548985030184 239.02213357734504
177.66265334698852 203.15904249034094
259.8389126478603 243.08765553525436
217.61005317472464 238.82425768255476
177.5475619566261 203.2165276805855
177.92213976861157 203.0548859921617
260.1334506793612 242.86227464631827
177.64660853788476 203.4455553670656
177.78266763901283 203.39489073331353
405.9487521712811 192.29956696046298
424.61497615755377 196.17147037094105
319.19282883839867 157.42001112057693
353.022996683209 184.42890878964363
301.14896378694345 181.59140327619193
351.3774439217607 169.55880853094794
361.762786266882 248.2231137897853
323.9090525123768 202.50106230541837
374.41834258986347 209.42062687604937
332.0000352845872 243.1010078746782
330.3963890673142 216.52442897870998
390.3019665424492 171.49479598910406
317.01865957187323 166.00628317868058
348.8340089016632 159.76050708277822
446.32681513703164 248.07608679378134
425.39599038088323 167.2386422274534
458.79620052023574 211.753642227904
467.0681769348053 242.8423052670069
405.7421773167385 175.7475944769963
398.02748437119754 227.03802528813452
308.22287610713227 300.843099329939
331.67364415417654 146.75690711274677
348.4564223441928 193.2702751610161
343.68151850747176 169.18021814157436
343.4685768834613 169.14294710061205
397.7595850131589 226.99072142858967
343.8620734890403 169.13917379274602
308.0360547392862 300.7394942517504
467.8383717753761 222.58639107713913
467.7086546916963 222.20446741580227
332.0123301627323 146.60171745074695
343.60247430821715 169.32617255006537
398.08877587200084 226.77220509973637
489.1886724824862 261.93896412266946
593.6447347282914 269.71978896394387
626.167733295526 233.23984729780167
490.49401217328494 231.82655098626984
523.4700476415202 208.23527466258707
631.2183498777838 188.2559065362468
629.556999827427 217.65561277254463
579.8001271400402 254.0024820812486
553.1415668051667 172.3989597602649
517.7163128165039 226.78413557314948
619.072638403291 160.60673462689417
559.7060994085672 202.43263122209308
613.1499366671824 219.4094033651701
552.0862782036576 176.2198520087175
585.8020133368474 198.84941336560945
546.9283368647209 215.7733206954207
532.9669189958623 220.81758425933256
555.1818702745168 214.50612180404823
656.0635030058834 218.70952076140884
524.3945108189195 235.95901615610828
570.0577047510701 216.94618689014263
529.9006745694917 238.87726825771333
529.7821756511074 238.8221812631387
649.8274847061243 158.4645628460591
556.5991434105197 241.05064958495043
569.8269554241206 216.91074199817672
649.9337148734952 158.5200348720486
554.9613215298376 214.53195191153924
524.2828049547837 236.15375954531592
556.4777705076456 240.98939658728864
530.0081203360439 238.72138828939106
612.8842704913501 219.49442930247758
556.7485741026424 241.03099373121978
653.672496422496 217.2243335842664
546.8264823043579 215.9238239750563
650.0472936404419 158.39835394404264
529.595471167798 238.94937639105092
655.7895421532845 218.64615559141387
653.8849677581354 217.40754803282215
649.7490098033189 158.32496695636272
649.6461514110529 158.41682995150904
552.9127976397795 172.44668165391735
529.8489758513682 238.5842676016476
656.1546784449317 218.29721812143637
609.6150897573077 181.4461529251453
524.3912160500977 235.64650265798034
655.9294955721518 218.46775953599314
529.9731924862637 237.99453698524047
530.0938393298982 238.8606569023848
556.607190567091 240.76897160270718
656.1121434744829 217.97563988371192
556.3270884634245 240.98067287551675
559.9309742562151 202.4472569154105
555.2048511495375 214.30614748804675
524.5614081861567 235.42969696869895
556.7382800127425 240.71977558878052
713.2848168213592 176.87262876909014
683.2334517909042 256.2029806209922
769.4424820025114 218.37707363688662
734.2662374556498 172.7820550171928
678.277701448829 260.68225733735306
679.1493995085966 205.50586396864415
727.2651534838113 196.70255520241017
689.9759211622519 200.5308950585167
733.4772585824807 166.4921873238356
741.0081512816703 210.33499948015384
708.4038450805064 201.67604999226342
732.2399903831679 179.7235663784731
746.6855577540193 186.5633854426295
708.4555492990786 248.5653297113484
701.6866598971078 250.50435891768223
658.130093480484 219.12510166885673
740.8565094091364 210.37562029442577
705.8460566393063 249.8262745924531
658.181053249034 219.3001314496215
746.8294549946651 186.6171853321886
658.2432752160132 219.06127996161268
658.1040455681127 218.960143209816
701.9721001863195 250.47012962489762
701.7867666898696 250.68644302401282
658.1145307986078 219.42814889462693
746.5046149908114 186.5513449602407
705.6416489615847 249.75672691802458
741.174385844829 210.27237687074472
658.2603959805805 218.70164411874975
934.6402044155594 306.26521484797513
965.7818752795965 304.2754811296356
926.1263292643545 177.19825533711983
850.9541905268281 294.4896780762159
970.3675664283625 316.8152048767809
978.0030144082682 212.26263175660662
960.8813659446619 286.84078149903263
960.7815933041637 287.0023228042661
977.9458702458483 211.14878537734006
987.8345110648511 6.504699016316472
975.1388207173152 121.91562419970451
883.3685218841024 -19.01173988231494
1008.9912117503261 4.764368021866147
1007.2820683004827 -25.145488337827786
914.5380415203343 49.32216151385851
899.1282372269245 115.10833066432177
986.6581135820096 7.86697866537407
742.7319534275239 67.91685491391597
786.06597682152 -23.167086919096022
675.2249647495603 34.564440924274535
671.3167769411207 -34.73427219135529
803.8155840205843 61.516604214355716
669.6268541219978 72.10439607743147
720.6090879121915 45.252692983946474
760.1034075228929 33.76680984516774
686.9615954719561 16.139466621680597
757.0171882167622 105.07106634405537
732.6547297219519 82.27023201291834
662.4959358381648 -34.0568369190827
706.6594630055264 1.5522599444094567
756.2361519916375 10.38545264888846
726.9934863183555 73.2297053919645
754.5237027720748 -14.009351234997837
677.2778669968509 128.61517563185677
725.2172621453633 -30.650794018389675
658.1625457556612 121.9043194023406
704.5752040748289 69.2984466386552
684.5980856320414 -29.95780347695512
711.517478623378 112.90055778106091
731.1843772551806 13.565707627435359
737.5456957782457 104.22063508195603
696.8020578600574 138.95232235717413
714.8340512241458 15.73062376399345
658.3330021193943 121.92571202277489
658.0824789744995 122.15373312712744
737.363575918998 104.1836156865256
756.0283670383624 10.319931302970055
730.9944687604543 13.54898076268234
684.5026390945121 -30.086546981200115
737.5359737350194 103.98901805921075
754.3167043829758 -13.92402277300721
711.2809923283464 112.80933283797356
711.5008535169275 112.73487876322946
708.0704972574957 118.45110877821014
714.8433896110694 121.91948551475109
731.1324365173106 13.79308517928014
684.6948646532887 -29.78154709611148
696.5645608575617 139.03354164014485
717.1916288300467 8.927630204447823
737.6882674107344 104.34455744284159
737.2481682528305 104.46207040578125
737.1517261340713 104.21055688467102
731.3702319191528 13.519784380535356
506.0393468371835 91.18545841056618
493.3818309793227 84.29551925708736
644.0572444094186 20.77099851061483
650.256382200079 -31.643850542353334
595.5610470811462 136.41493198651253
552.5410058051033 44.68721934667802
633.5876241880244 106.86006118401247
646.3837032263224 86.17199185939752
599.9073752001664 -13.339374571276736
584.4481988784688 73.35719479388666
550.0621405532845 92.38733397217646
549.8771137068543 6.852530896088325
488.2408110835147 25.590200211620097
539.9492491875708 95.83428371047822
548.6671277335116 130.4296038594363
571.7889985081679 98.81702857407899
625.4433021888406 82.83083775301272
481.2377792652505 51.98898810153386
654.7857542537427 121.88471167753683
648.8026300877387 77.05831477006146
541.2810425992415 -28.797753327900566
555.5754768890714 87.03533129968139
525.9938570603554 -4.7890589468759615
610.9124256075693 75.736446918222
650.5902594412851 31.98074261907609
536.5941211910495 -20.958079185083093
597.0449856564146 -0.3793381556168214
490.7701945196366 129.60803551477642
514.7022979015644 66.24169598688626
478.55418868479285 108.86121108380382
644.2252721188809 119.31451284876722
479.89108101248655 -1.901427843653046
621.5164767972514 6.0499604139732455
572.2046124183084 110.74463900360172
624.6636795790535 23.88683773344896
513.8643994120201 32.76292843799661
511.8538849981735 48.87996393474346
571.9886537981398 83.93030320893277
508.6945578521386 -31.71654997393523
504.0020713648891 13.263144441158168
591.1125371250602 40.209199482864406
657.4126200810002 -34.00133189040048
490.9059696600962 49.811459435913406
592.8190403594872 52.72581171933037
598.3043904118597 13.798481119537527
572.1413022528013 83.8574195123166
648.6067756078767 77.0162968417983
657.7631966847155 -34.03764585327433
572.1319624907655 110.62743131556958
517.9375229901493 -0.2091927733725214
511.70414628091885 48.7449829215771
605.172949320914 115.25395504588573
474.3995766132513 37.79087767081428
621.5062239607174 5.82355094111449
478.399125361226 108.71644752247461
657.1571077336238 -34.04930680469701
508.5057865751985 -31.658718255417256
598.168804349327 13.827545490913693
571.808629609879 83.86843691123153
474.7562130033797 37.71522449823522
478.6927283164336 108.74688563093466
625.4502107525136 117.83606234627331
490.66307396711875 49.73064684237468
539.5895830922395 -19.14148446823866
504.2240447258033 13.223970244916487
511.6958777312839 49.051033392383516
598.3531298885372 14.017189964098279
657.139049760265 -33.80871717487237
657.4704517995182 -34.275166232677336
511.85469493925694 48.62466610486964
539.4298940631342 -19.18993792157943
517.9441936594125 -0.5360294401347545
598.4717910701606 13.891064673474617
656.9405770667817 -34.06890490371542
536.8522682533935 -20.94283744150185
479.9874086531555 -2.2660965971535987
572.311667652997 110.5064915730373
598.4018363625221 13.616031233362783
517.9220543530557 -0.755161819251903
517.8304993830412 3.4990227817340056
518.0965450898395 -0.5023061886383005
657.2486737045358 -33.63854429038415
478.31561101600005 108.97142082587015
517.7482470470333 -0.7179072796359378
598.1171606356913 14.031128101317663
539.2951578199387 -19.170526837819693
592.3753851614442 52.62171572608777
624.769051676414 24.041796376599848
518.2119403799973 -0.9174360592858903
479.8750875982011 -2.4956578271657506
648.9775773617718 77.01471271254843
518.2595770166936 -0.7524996020403094
555.6788963271135 86.71741086039847
485.28462823087125 50.362587902752445
504.1339666262875 13.45277241299641
336.190011771802 49.80413283813274
403.7239856515012 118.92658682269452
297.4415306706765 120.73487861209907
360.8196573165333 40.53878087357
357.1107047012897 79.0667156364627
309.44688547465046 92.70288096780894
363.98137578267716 -18.927687524442277
354.64724895674016 -0.5783443926322605
328.5466431456469 129.9919668399195
297.6570729756278 82.38458634314364
327.6077440404133 19.384175859081743
325.2470078017981 16.25320490164205
381.52649829773685 22.40854261863321
441.6101253000191 -11.374361244885925
453.7353531032393 94.18137684900532
312.5588276295209 18.23960397290616
454.39286024956635 49.33000515382491
446.8370147644668 92.24886292425646
391.0730139525815 -20.957793161746324
354.21849172422947 105.92313123944365
403.6425680085962 131.83511978616278
372.48902167563386 73.64292385665954
319.9799760621226 114.03795158157303
403.3237949997517 65.19537036667117
405.9472450483142 1.5745917664736524
448.74518095267206 -22.76281493434861
290.64666484068255 134.44517074148672
354.7117747214286 -35.50415350634535
455.39545455172197 106.81633674151398
397.59943944680447 20.285737917967605
430.0889842845331 -12.693836401504228
457.6047868122132 36.95483695784683
326.2684988957521 -8.700549087254537
400.1725878912346 -18.81890514883547
331.92698107405874 145.66803304429126
435.9899427465974 102.93932066389091
434.73403077613034 23.671489663095404
329.5304080365017 10.368478263940155
465.8508616134576 40.37144072020568
472.3154620633452 37.809821216427366
391.43778721460893 -31.347486361856042
435.79618393772216 103.12476279420432
391.17816603199066 -31.344796642400524
419.42180444415374 -28.58733916010651
419.52564191630347 -28.66591857143881
360.6338851592929 146.29384891179632
430.2656146958941 -12.62756699455116
397.3250495592004 20.358013814993118
326.0319795980278 -8.65996677612408
434.46331518831414 23.652073078886875
455.2038354174238 106.7918597444239
391.2979988092051 -31.138760831838766
403.33813466973237 131.88190591596583
461.3491898198715 23.041528764279985
381.7659163319704 121.6291732030287
434.63105137399094 23.53213029269675
400.3535031521986 -18.862589713080254
448.9913920411542 -22.875689643850933
419.63961121511386 -28.921051387849104
455.6382938650994 106.80225559262621
435.8770075321585 103.33201832928398
391.58704739281933 -31.477087936111374
391.10250735896284 -31.54664661143744
434.54817061170934 23.833241360494885
429.941605259807 -12.791260350371488
441.7097439279513 -11.597448446678975
419.29876490529807 -28.92152442644455
455.4984394543102 106.38113298302815
391.5691159297825 -31.721434372455676
430.0659429045757 -13.252219960289736
472.4671534399182 37.99119301464039
329.6957707785281 10.441293204946525
435.27721109447606 102.94981964550792
455.37771010394385 106.22194724498652
430.21567062093277 -13.118438044958353
329.305366800278 10.42063901976153
419.5440464179357 -29.077379642747275
419.7749332561049 -29.079601824056127
472.7448490972416 33.10192659702089
430.331097538671 -13.372954811104805
291.410927785646 143.67845704487473
354.4035103199865 -35.46844459283777
419.5905967159971 -29.372165194443483
472.9163585907844 30.641196324843936
354.79723244396564 -35.33693986330307
467.9624839017447 38.490039715784796
419.4260617915128 -29.19350511748111
326.401386988156 -8.572564644941785
391.3183064661167 -30.952917168764117
129.975239257733 52.838062127895675
145.29123614735119 -34.53735612487786
211.1675150249108 103.05770544796289
255.04008460915205 137.9045755585044
252.72343859287943 13.561158756290752
267.8444528237679 40.39549968318815
276.7216051149309 88.00869621699731
269.4662766491608 -15.247848784613879
260.8470624032881 121.57963341105302
282.350599387305 105.05668267048446
254.41187285305003 0.3917587585545803
286.96606446534037 85.03570639931547
281.2113189328599 -10.94131091209914
266.1791479507352 44.27374511111451
274.3916260108052 100.54655256178039
270.84393555301926 -2.310947256540665
270.7266274817968 -2.1620556083988447
247.2884011455368 1.4974534727228388
284.4848780241347 -7.984478662721131
247.14694060370255 1.4899508605810752
289.91458553660533 134.097893719486
289.6465046637568 134.2806069396463
289.9582095959135 134.64828787641233
290.0719698776701 134.37988385219774
289.9281991473464 94.3110004250558
284.34654173720986 -8.009472701996927
290.4352855207697 134.60907723969746
290.0591263297588 133.99539148127866
281.04505686745733 -10.979176001530163
284.6327905923929 -7.897615575519701
289.68796154624397 134.62930238987727
290.4109460348992 134.07315888885915
290.3579602117602 133.8810495270631
290.21204980685945 134.72495794446039
290.39767895243153 134.30508187406807
247.4257198494365 1.3365488444361375
289.88092829049424 133.8353696750218
266.3629784495548 44.09139973346666
284.44026938449406 -8.563879436311403
284.2054827281369 -7.955496798076737
282.0454289883041 105.0586298293541
254.33005917783257 0.19158092594808096
281.45381171796396 -10.950139132397922
274.45632778985475 100.75661607596444
290.13698518230035 94.19338157847702
266.08581633576347 44.09135572987638
247.45924508477668 1.3898591940534288
270.92926951545866 -2.067216870460193
290.07367501679323 133.6386605629299
284.2236782127153 -8.35035201450544
290.05846627590466 133.43248380336806
82.19035786535761 47.64655980070167
-4.124901138508385 58.40286341273279
21.044019405931877 -31.309593770181095
75.46614173330052 5.614335871155411
40.55083297631663 74.01027957939121
-17.394893343611567 16.780202899664424
-29.933958412014995 107.79432753625748
28.71431272888605 66.0510586826961
55.582717935104526 84.88144081271139
55.35820611707636 84.87050592052825
-30.4023188757725 108.14624762458826
-135.12393526398435 64.27197702656049
-249.39927629451032 76.59706363635765
-186.21068995708924 77.23421637195851
-154.08996671169328 122.3198329292909
-204.39713729815264 -9.52736554761075
-235.09212221686667 -9.649547016456076
-205.94428153040127 42.500928466144195
-167.45314752009983 63.42897274543213
-209.54345893903252 143.26679015794554
-223.89789899976248 91.94264193953774
-204.58765634269392 -9.381229624309853
-204.46661621697135 -9.482976925921562
-235.24985996176582 -9.774517212835043
-235.46254443979558 -9.652715274955824
-246.2551118231054 8.298593381028162
-224.1476276252422 91.95274351373007
-209.7422121554039 143.29024742339772
-246.3048145658763 8.420945363785805
-206.19358387110023 42.498645779898716
-223.31977570540235 97.02035923295563
-228.45336174467835 10.089770524040418
-246.4244892051882 8.321266230916983
-223.27652567661153 96.72586795526938
-223.51099880738803 97.10643025553213
-246.08888001017112 8.245635060133061
-250.02204810676466 128.57398002068686
-223.80422360674172 91.6246967482353
-261.00326498364075 20.52175117440372
-246.539723607219 8.384152861867719
-224.00392977586495 91.7115350834172
-246.2799284729079 8.190493061070597
-228.11839885239343 6.110553357780937
-259.77865924715195 120.63127903435925
-167.7243911509993 63.47977214017939
-246.07654250354798 8.342332949760795
-261.09755466506283 20.600292082594535
-249.82690524746408 128.5664464685207
-259.82987719167386 121.28238503341366
-250.6800293230214 -4.171969098215776
-246.15578746918317 8.40465303448675
-223.5787808377568 96.65992307479459
-222.97905040545982 96.7921566137932
-225.61181958937505 131.7773258832302
-223.14833084213276 96.63236032593653
-252.28921621111044 -3.8974141971481657
-251.54696330658578 -4.0474059350468465
-223.2415716996996 96.6177731357606
-225.85164053148208 131.78844022755493
-253.00972893559324 -3.9103292508936676
-225.78620169229544 131.8531337559313
-241.1616831852913 2.559683640597676
-253.49103333045238 -4.123906176738686
-243.080323603094 7.712592068896754
-235.1032771270012 -9.874971908982445
-260.54451118260175 20.329526990739303
-225.71076303721898 131.65787194942578
-227.93010817716586 13.044754622626904
-246.2821341528704 8.52702151859075
-225.51774816404182 131.72403341007146
-223.41847713349978 96.41666847753396
-219.3000876121003 2.308120615448381
-225.52757334068275 131.84504053310133
-223.54549349682648 96.41954246202374
-251.61199786278678 -2.5593805263316938
-223.31701310500046 96.24348134711195
-243.28167303129155 8.072563439135521
-234.76661872137853 2.238435429800269
-223.05877941058802 96.52952393546553
-223.2314164961316 96.30679976329225
-253.40554123011043 -2.572196571999079
-260.68584297955664 20.101148357215774
-251.74045534369498 -2.250942860752893
-252.27138272481764 -2.342657343782065
-253.96843171911854 -2.640347132436375
-249.60643213395576 128.50855355750997
-246.11801932516198 8.135983613618336
-223.6410857962486 96.48723648521195
-249.9624686206455 128.88659871489784
-252.91902275358183 -2.340347155292669
-250.76772744710388 -2.7016001300981785
-253.57909654682294 -2.2155584737235827
-252.37118321133778 -2.0537407709386954
-252.47282016019574 -2.0547638544125704
-253.78827070719416 -2.1277933129215256
-225.7513893519397 131.53877073189963
-254.43105796501845 -1.8097408628677982
-259.9494211093826 19.992101960067316
-235.02277393370662 -9.487613804246713
-250.84510329148657 -1.002230977744432
-253.07123254745278 -1.8740521100536611
-319.073149620359 3.09295215023414
-318.0627666827249 120.33483234713019
-268.19902577590824 90.17695112596746
-387.1941891490294 65.01326425854545
-328.1439562118704 8.644148075003322
-379.62550011601854 3.363519225933139
-311.0115213681981 -11.948129558921089
-327.83535903327686 144.34225659718044
-338.6883440335893 108.61015822527928
-420.0620301021217 -22.27540916667553
-404.7164435482684 79.38213887199755
-387.29913771183357 -13.552967998468105
-363.854959889989 10.725985433123569
-309.70767848702474 144.8188835049324
-334.5666212402266 97.7794899207968
-377.4082142065853 57.101501233961145
-407.6703825615859 110.91694056176947
-299.89266667544837 93.18472303153673
-413.5386834841057 141.5992453990345
-341.8830321897462 14.755674717427652
-412.7754398356861 90.25191674244849
-323.8534191448691 145.05212625407145
-421.77048462075487 102.59193982091938
-407.6002312129033 50.47645819348472
-439.87760208300494 23.085576358144543
-381.27062934291047 -10.686931657172295
-422.2943363620726 -10.883209671590734
-319.4484232391157 30.542232250317074
-346.7341804972906 52.42175791143265
-321.4201911166136 96.70105818102786
-427.16282345929733 128.8728503431615
-277.63966054187983 78.12784953392182
-426.9284108334574 128.84760672102212
-381.4673308918853 -10.559931795191929
-350.18110273334844 14.455394217395941
-350.413815720514 14.442231643455152
-297.5510816243878 138.42847714763928
-308.175759497011 73.77490712523847
-399.92590193565366 100.54438951029596
-392.1245274177212 -2.8148653714641796
-347.9993552235104 122.83329569796734
-348.1183794347536 122.7002357165389
-363.3615338811215 97.69792376577465
-347.98010915321424 122.62748953114233
-363.1969192001298 97.73943840297403
-308.3807557227525 73.75121394210015
-419.51711851752106 7.82249653605556
-348.2647133742107 122.72217700673941
-348.1694896048572 122.9613158931972
-363.3338033685755 97.46048864332778
-421.759663862884 102.81904372543714
-363.54854638956283 97.57769220602334
-362.6579494753284 83.93590816624396
-427.3083976492661 128.76582811116566
-392.0172659162032 -2.716352333737632
-277.5485181055242 78.26566602843648
-277.78739159532813 78.05163256534237
-420.1302837959737 7.7517662651384285
-348.12598655542223 121.89220741411762
-342.2581847986296 14.717248582220634
-308.06652058415506 73.75237178656926
-400.0391575512343 100.43375623367325
-427.0391307421485 128.54499746848637
-277.72071515516507 78.27152400639176
-308.5281182461323 73.75327936061865
-440.14125526647115 23.127297262173347
-363.39427255228554 97.2926479491241
-419.7235008563562 7.383120687166844
-419.83108138390367 7.425468642357053
-399.8430748027477 100.34959936727367
-277.51903019959167 78.01144628652439
-298.9075197968365 -4.799432793283124
-297.4316228776907 138.32657033301282
-348.2477389892624 122.44323687287854
-419.4658667108613 7.032769601851783
-319.64275959511326 30.670447711478765
-348.42821971477235 121.75680836684364
-426.2292460382625 124.14883940881708
-299.9045806475151 44.64399131968232
-427.1916313722489 128.40955579273432
-308.02362808453523 73.97518946637186
-426.70687063288494 128.61290532162104
-422.41792594580676 -10.728977087679375
-293.27885005094066 49.978464061901875
-305.43908821067276 13.956244991568397
-399.8445035443194 100.77663495931485
-441.2249282463754 19.844574423223996
-421.59888436980714 102.50226737950136
-277.9259479002043 77.98062452176164
-346.6813266849224 52.23413210295189
-298.9814073253558 -0.7158886149321049
-363.7093877626885 97.400982038155
-392.32964465333595 -2.892625215927623
-319.5612539450277 30.235725242261555
-369.78676761905996 99.10947643504187
-300.23612019798793 93.24763166428261
-497.2597418015942 99.23779365450608
-485.51721872343825 44.0162030981367
-486.3350254486858 62.77891045653454
-545.677161702378 13.144736280178861
-451.5348465852058 -28.109427167035093
-463.3951342718333 72.67063427708095
-451.7664594826145 42.24553162819225
-463.63718702103455 72.72475594289392
-463.5763575579291 72.47556911161945
-493.1894207021206 85.07699276789032
-463.80893303387506 72.6315178355515
-451.5918532364061 42.12640290842221
-493.3398909790635 84.98578432614929
-463.75565018650167 72.84240504194099
-493.08802542923104 84.9132939116212
-463.4446273099943 72.85005066575116
-572.4614127924214 113.91251659727178
-572.2802830139549 113.8530773725966
-503.0598550356474 61.8537487221397
-572.7088449805337 114.23771138007191
-571.8462618519577 113.7959840893279
-454.71207631692135 34.80703271745665
-493.4864064333305 85.04345378142813
-473.9935475015115 81.1445844207851
-473.8413170809576 80.98264020767817
-474.0622811095199 81.03917657050744
-493.3338624871959 85.21654465399641
-492.92961800469243 85.0970116512407
-492.89660431108916 84.80712974963569
-466.0705360591633 11.644516376508946
-474.23468717621455 81.16056872495223
-466.2052365494417 11.413035489871085
-455.0189463545966 34.99509306139137
-452.0180555104565 42.3512942574165
-474.18957249528586 80.84909206142011
-465.9783045339484 11.511691539266025
-473.96055580970335 80.45037277972044
-493.5501786365355 85.17204327310715
-454.6157744596061 34.858456413140935
-474.24660114828134 80.66923013639837
-466.46082590310107 11.447308786245962
-463.9760201665953 -27.780676344095923
-493.23032753972933 84.81640075606161
-493.47753420944144 84.87790127391871
-473.893681353384 80.1877318507196
-464.4020904298748 -27.765676620261175
-451.4472464378673 42.0781364703401
-569.9524243328356 108.68681660487367
-454.30062074606167 -36.66286704634534
-474.1458329265532 80.1161187577726
-454.8751646233754 35.23322399060943
-474.06118101976307 79.9524144010547
-454.4447765078002 -36.879474719470494
-454.51784446945067 -36.35204218599415
-464.12907015401805 -27.96251568045561
-466.3694634487941 11.350005847251957
-464.0056455837474 72.85038894335139
-466.0275885550556 11.222829970910496
-454.7252278899646 -36.45116577353576
-454.6639198878149 -37.02816835145609
-464.0393028298585 72.62228258204269
-453.9475359377008 -36.526026881489884
-453.99219408138043 -36.919550989312796
-492.96005198781586 83.71425383135922
-493.1152526507133 84.62618423620346
-454.7926028871233 -36.88844045098888
-466.31873280965664 11.192076961757557
-493.14736977116473 83.93644170977603
-465.2784824351238 8.665819843213406
-465.80930324505124 11.60694831131228
-463.9108838520918 72.43508030811832
-465.7217416008542 11.353878163196093
-492.8542728572453 83.96408421514145
-465.4607783087326 8.49504190935891
-466.54557681796933 11.314604958876295
-451.5458144800817 41.75294993821315
-493.1241688781926 84.18858503227207
-493.2073301633622 84.59829146041835
-463.2937224975974 72.34639657236929
-455.9331484447888 -36.899017814001056
-455.72031407952966 -36.840949576185366
-492.76850435935194 85.06211130370443
-493.25592662837136 84.34957491751493
-455.1310620021667 35.486173128852364
-493.3304027049106 84.02153365246892
-492.9242550671278 84.57672420073516
-466.13269113042577 11.072524707431114
-492.79041264685975 84.21543822323694
-454.5896253260856 -36.178701043006186
-463.79265720592235 -28.01104063963058
-455.3706505503126 -36.75858585608947
-455.36870889189174 -37.11953080576306
-465.8308760051832 11.10872866132928
-485.93557185707346 80.94124107990324
-455.10930772722486 -36.4993827075788
-464.61451776192393 8.720197279894847
-456.0146815971182 -36.789553382745
-493.3688013378737 84.57881712149758
-451.8892845039676 41.974497014346596
-455.23689613722513 -36.70219525515297
-723.1590336351462 68.87456280376742
-722.8382364611491 68.7892013390841
-722.3549010255764 68.89792045952989
-722.4650502627061 68.75579436339274
-722.0894026134321 68.87946920408301
-723.6485570756013 69.16193100027802
-722.1042015708863 69.06554938645537
-723.6345254307525 69.32015966023116
-743.8708745242947 24.237975382940167
-723.6975248209034 68.93117617287967
-723.8052236080997 69.04984285495185
-717.9944175016097 66.26685228940119
-784.4442075472239 56.47113880238447
-716.9156474842406 66.30299848858711
-714.7420571399497 67.39062697872339
-784.5519462126739 56.53883007534829
-716.805302981179 66.35290131018255
-717.704032308941 66.48337745579457
-784.1080778722406 55.7537977741819
-784.2500760829436 55.80448991017787
-723.3184668933832 68.58319303076625
-718.1918781125169 66.43408793423859
-715.0387678487205 67.35445327729353
-783.9236079462498 55.598616362855246
-716.2949768434219 66.18166958930334
-784.7949491644026 56.579896425971754
-722.9544911964294 68.38314995915498
-722.482912970133 68.36957760177975
-723.099130997661 68.43306103142358
-783.7724501132088 55.43718919193404
-783.7440732979308 55.738836553488646
-721.8722613967749 68.41081996676432
-721.7632232502996 68.49882714731288
-723.8785885939844 68.75012615092054
-715.9854775912277 65.91071473196506
-724.037254539616 68.93188023032407
-716.4587912091155 66.66645989357951
-784.9856428481928 56.55814765147869
-716.0745078552501 66.44460479231415
-716.0024684775224 66.38031279669903
-784.6110719117684 55.924517953324155
-722.2776224703816 68.17971861109257
-716.032132397816 65.7380721459727
-715.6206878278539 67.27385245103301
-723.6736858758723 68.56704371313559
-784.6986693088825 55.99806995446762
-723.1506619520966 68.25102642913205
-784.0146885025566 56.64968336992238
-784.0280518428781 55.30622075615582
-713.4250351834892 65.94219105013313
-743.202850519892 24.016169785713863
-722.4433454918034 68.08524290277369
-715.6751917748574 66.76790742073248
-713.5031085535334 66.57566673572171
-723.8900212767826 68.59271430761186
-715.4834131275445 66.97880287779516
-722.3890203093853 69.69558454132938
-715.5742365378705 66.99349182627358
-715.1484963015181 66.82997998526314
-783.5445995227686 55.65250425959489
-784.5804852911912 55.77178424170651
-773.6563231084978 46.819534323291656
-715.2507936480082 65.9648116457585
-715.8888512074342 67.43858814189797
-713.7166579771344 66.19091309348534
-762.3569010581698 -6.1430604205132155
-714.8192669395347 66.93168603350897
-722.5006546676868 67.98940583338069
-721.539143217501 68.71550907649663
-715.366308572927 66.41533140388418
-715.2552050079332 65.75694693597596
-784.7712133527863 55.91813743273438
-714.9676525463884 23.778566899579086
-713.8899716178785 65.96585398080313
-722.7138025585266 69.94529116501397
-723.2126905130369 68.14790951577305
-716.4299083525492 67.14978982870345
-715.2450126763359 66.36335216287269
-784.6974152065596 57.26161379762291
-783.2631663104963 55.14223312632552
-718.7269562698034 65.94739447468307
-713.9403557287426 66.46781943640822
-726.5751286059925 23.26881280849544
-721.5860455442846 68.21264979796409
-723.5432097302603 68.28451316133078
-723.7439348575208 70.00821354888181
-783.0246173471706 54.84517588928141
-715.1076994728851 66.38471315572646
-715.0525134702324 66.48933444182795
-719.1274164435432 66.38600851141516
-773.3481412137875 46.05520846157371
-774.1844060700429 47.70249386438906
-721.3974901599593 68.35679180858068
-714.5443600097449 66.08265876096182
-723.6632515245285 68.28231023159267
-784.9239168119356 55.972418611562105
-714.6064655769683 65.8363569150747
-785.1833056005927 57.25516452142333
-636.3656343695843 135.28529209989603
-723.8742212376497 69.95079986447143
-952.9130248504913 26.56728893276298
-952.5539665547507 26.180326860339722
-970.1007735822506 -38.09721357537465
-951.644438470913 24.721536336913047
-951.1218490825912 24.143461171479792
-951.3946273387015 24.318716470644695
-950.8663229840929 23.55402757930699
-950.829307713999 23.691302279616398
-950.72981009594 23.135058395407974
-950.9637084298187 23.29637005690471
-949.9738091634572 22.57821496228206
-950.8802281186195 24.491227045866236
-952.781817145191 26.110388654047533
-950.1813906001273 22.50103816538975
-951.880114824861 24.922253213500404
-951.6676008607436 24.280763374033125
-949.9349374918986 22.310084585394502
-951.8992893893231 24.698373947082423
-950.3573609576341 22.44422402989687
-952.599969558158 25.716512517502427
-951.7525690433389 24.182481355155513
-953.2760022159906 26.409316043678306
-952.153163978074 24.99741134568888
-952.3818602625148 25.336701028498737
-950.0368003029348 23.51661352667628
-813.5997138348447 56.44813042511981
-950.569527018366 22.261603629809812
-897.5246263091775 98.21599453542012
-953.8703752111718 27.7019105070878
-953.5732175909374 26.716400598856175
-952.925730887183 25.767705194337772
-952.4322498738277 25.18108783194252
-920.2666828446056 104.42212202137318
-953.7240041436853 27.051768461682837
-873.6714571175286 -222.11593710303634
-875.8107191609568 -222.1047601911067
-874.9982863741715 -222.10997461655418
-860.3598045133332 -222.1105356623302
-867.2738136306921 -222.1118997736287
-868.3332385696868 -222.11434747333772
-870.8394960564514 -222.11687217932968
-820.9978394515036 -222.10743890966464
-813.5866887721236 -221.77127348176424
-828.5268317456383 -222.09093206286298
-821.9350499189604 -222.0829454112282
-855.1631840185454 -222.0783965400836
-996.6879094294093 -222.08941393899852
-872.5398277873423 -222.08515659163947
-871.6952118747203 -222.07925461009395
-659.3812337235037 -165.12377408480066
-659.7272229529328 -165.00094356299877
-729.3385953285833 -84.953151674816
-729.0836412767586 -84.91922215649014
-659.7369477463834 -165.29906788710704
-698.2610569471467 -132.12665883415573
-659.5418248262097 -165.6611074260887
-658.5824365492547 -165.5906191749181
-698.2761721804059 -131.885535660799
-659.9355029465986 -165.60802809532035
-659.6629502088884 -165.82618139455388
-698.6197027092285 -132.53263045757748
-698.5892522247586 -132.31122639311243
-753.5435952262703 -140.3561827850082
-698.5648852366443 -132.05252378544114
-728.4070998274134 -84.96286546736906
-698.8208541212698 -132.7049100139501
-651.9241322949797 -122.65478976976262
-698.7687923735265 -132.28127094903323
-753.8152211383604 -140.5291333961325
-698.1762840304833 -131.37622160561813
-752.5220518780528 -141.4099147595113
-701.943216876362 -129.7361280395882
-698.5988065042969 -131.6880970516871
-702.2179917953811 -129.27048754775456
-698.419854903549 -131.53217032955018
-754.0395706931494 -133.71215219532843
-754.079228928884 -133.82067054939358
-698.7699419673224 -131.84107553327564
-659.5717362666986 -166.01672794133913
-702.6636546572302 -128.94007833950693
-659.1595931397409 -166.01040242523717
-702.5172162092462 -130.03866647384586
-694.1176183819836 -153.61834235104257
-654.9732235718164 -168.0013503676459
-754.0779198220733 -139.73386751000294
-698.6989586757612 -131.63613981247073
-754.2797367884176 -139.88437078963855
-754.4948620905953 -139.05020572970656
-702.1505782950808 -130.32935419119778
-698.9540749908251 -132.11652150704631
-657.8930488017738 -165.84947029470658
-754.749554871103 -138.94602722973218
-754.2943404799398 -138.8624424100062
-698.799605887616 -131.68927414772693
-700.0125593530779 -130.74079326071111
-754.6843883041311 -138.36585639331213
-698.8556939638694 -131.76273814168985
-702.4988832134482 -130.3662787038867
-746.1197825137888 -192.0277231910632
-656.3581760707629 -167.71280232487106
-754.478181979657 -139.61951868022643
-749.777121667865 -145.8833967530779
-753.9171912081478 -139.51646777225284
-754.2133793742839 -134.19693424893143
-754.6490039171018 -139.34740047797027
-754.4799916273071 -134.27158633983174
-698.7470766017261 -131.47399758320756
-699.5745366145901 -130.76951660426266
-702.8814559277415 -129.6128932348007
-749.8578902578134 -145.71880132365695
-746.0505401142677 -192.0879201025584
-699.0451789240393 -132.03941621598818
-699.8376780844303 -131.0819640970052
-752.7676276647004 -144.81479706551087
-747.1252590511074 -191.71610626608708
-750.7975951787939 -142.22153898032533
-702.1649069641638 -130.7486424011263
-698.9383877108924 -131.5492767252693
-749.3754073918024 -145.97028184207448
-727.7725598049851 -85.37851238020235
-699.1239948546693 -132.2044461808631
-672.4561415115746 -140.22147679428105
-698.482890046617 -131.10810222962812
-655.6259563285988 -167.9148943136545
-651.038912069432 -122.64703138675239
-749.7908150351135 -145.56412320339405
-754.5581447538586 -140.32101291548148
-749.2724197389898 -146.04712311159093
-702.1779815309242 -130.88062016925645
-703.9288788874891 -181.92905873613
-701.8648244802885 -130.92572384928758
-749.7621879494158 -146.26104656570936
-727.2369811068593 -95.06861725056078
-699.8221888206538 -131.31422054692166
-701.089673735363 -130.53623157042355
-750.1588253112506 -145.71529753778137
-701.1082982549466 -130.73490778051195
-749.1964722924007 -146.1204715961294
-750.0414622355403 -145.46959249058733
-699.2858455601469 -132.2209695290111
-747.0780129462747 -192.0869740253675
-754.1281279185763 -140.91771810094713
-729.1643383608729 -84.38038444245959
-698.8044462825462 -130.78017097355783
-699.6120826779917 -131.44788695282858
-752.2607695599017 -142.05181163218865
-698.8344237284206 -130.70648696164352
-749.5907307101363 -145.13524221078575
-749.9494892314182 -146.28561707042877
-449.582429286531 -117.6399426059491
-478.3688959883176 -206.4620448943751
-455.7900157665241 -128.23503081433722
-450.3352372084946 -180.72153421361827
-451.87553888245566 -47.81715291815746
-451.9375564424985 -47.63967990679835
-497.1000637733864 -213.87028583634836
-548.1165172305793 -177.0486480410532
-547.5866837512086 -177.1076623560598
-548.2851967432226 -177.2520491366473
-548.8204811673385 -177.10580320437072
-548.9922739339937 -177.10168886868007
-545.1835624293739 -171.49057655530368
-547.7537241301142 -178.36671508278272
-545.1718189712194 -172.3643173442386
-547.3832689044926 -176.73007304836497
-545.4471686871364 -169.96833835515025
-545.6165852599167 -171.22554293108166
-548.5835960897701 -176.18237686156732
-545.1824980925342 -172.6711543792212
-545.7743078785818 -171.04610729084072
-545.0729044007317 -169.96697974430055
-545.7389014897573 -169.7935615950296
-545.6549563906359 -171.90631147531752
-468.7837094282951 -109.50400329071246
-545.2030147664996 -164.99563562992194
-544.3782032197252 -164.75631110331767
-545.6476985484651 -172.31104549776282
-544.2230493106424 -163.7929074987501
-545.8474665976371 -171.80065885506897
-543.6491517360608 -162.81071986158418
-547.9558436211415 -176.00309523389234
-545.1069026746674 -173.5042633529866
-543.9033962299925 -162.9574883364953
-544.1720133965974 -162.99498489585775
-545.9218216643031 -172.39250164380928
-544.5973135970472 -165.7639053134182
-544.3671005638541 -162.42792162889063
-615.0013528967768 -176.14499031118055
-474.4801337023157 -165.2094710768598
-615.5056931711445 -175.5957154955818
-544.6123160711063 -162.84947052326947
-545.2831838075305 -165.97469901217838
-545.3566890548593 -168.4846197978332
-610.0625666263084 -173.3098664920524
-624.2951294617664 -177.65405493649558
-545.29062866496 -166.91395014613417
-497.26563278224216 -213.96373296074458
-544.9239825001215 -174.35384067041218
-468.6695916173675 -109.36409937588417
-546.7459484052038 -176.73450090963632
-624.3611652715351 -177.99798699807937
-545.639029841181 -173.49994550069096
-545.0915619230079 -162.20492243427813
-551.4324930326541 -197.89253820416596
-544.7751513569164 -166.78712079806613
-625.4537799184944 -50.032653244404145
-625.837904103123 -50.08507252131838
-551.579035989165 -197.57349567333108
-545.4288054388701 -162.91045399894085
-544.9577772574521 -168.38830143917158
-468.9664893413968 -109.45310763811148
-625.1705214166708 -49.3412681464585
-452.10571616273165 -47.69456407232404
-624.2638453155278 -178.33131419440707
-628.4027283058742 -176.95713157418027
-624.6371494298415 -177.8587761397979
-623.3504892631142 -49.71903553118274
-626.3008160285816 -50.08141609798902
-623.5632717178879 -49.398127660653856
-627.4821495625954 -177.57667462299824
-624.8662395120375 -49.98037904182658
-627.890126271488 -177.06651899915335
-551.7129966690819 -197.24884818518495
-627.5170520587445 -177.16302437307363
-490.6067234786009 -123.41019390355245
-497.093419231255 -214.20851393254287
-624.7887493614535 -177.4142078672568
-496.8882854942938 -213.87222749476922
-551.9167222911542 -198.26436304153486
-551.9203058335372 -197.8411860143159
-545.8213449663606 -162.29801202950338
-624.5921191464239 -49.891033189555145
-551.9311142153983 -197.64570556497114
-551.8567894012007 -196.8048354579711
-624.3123725092601 -49.19634816611699
-628.5418302294864 -177.86600372950045
-628.3514496845266 -176.58720989209073
-624.8741056694662 -177.47834860053035
-450.52886400659906 -180.72625359867519
-624.5783632115705 -50.008482209777696
-624.1451164096287 -49.430639438305576
-624.8778978851249 -176.71550235953538
-624.8398148404108 -177.8473022036339
-624.7178554521851 -178.2320035916068
-628.1164731767419 -176.52394373017387
-489.7026752168645 -123.42302920079058
-628.3163172008628 -176.39440816130394
-546.097280480073 -162.20513145133194
-474.2665952796122 -165.13395541550037
-359.19377508165866 -81.86796507794449
-316.8209798647358 -172.00345490129678
-277.2967570642187 -180.65068843327668
-324.12092797104407 -216.05950845608422
-434.4707396532257 -103.1168794121759
-270.1073019730892 -81.71159006923165
-427.79091626819434 -125.79544151706266
-346.48394308029833 -46.56199347783968
-409.3001875381648 -110.21246109412843
-411.5511884484213 -199.34765442780474
-372.9507907732444 -42.055128744934194
-383.96552197050767 -187.1342599310213
-307.62530208492365 -216.89496062103174
-393.13371125752036 -202.41465516588318
-334.01129043051634 -176.68179010893653
-400.4499393171179 -210.29103930388698
-278.5844396268638 -55.98903560353111
-417.7577930983064 -62.35622723078562
-347.1744749211263 -88.07916122745227
-296.4678067394643 -167.66445888050598
-275.27617270376027 -126.46881745813243
-280.7655490846428 -75.66859489332293
-293.09162577522113 -217.6586539311395
-310.594059307266 -66.9824223092869
-327.70869469867233 -165.74192001962743
-431.68374063562345 -97.5541077929402
-445.8485611685635 -180.7666653958933
-395.4449915860039 -77.53275336591727
-445.62897936410565 -180.7927155213357
-292.2041338643255 -137.28466067802907
-279.96147698000965 -184.55237677392165
-319.4445234209276 -145.63538151739448
-362.02400900181755 -55.91288945322975
-297.1286471577547 -71.1911044477048
-435.1521163408303 -147.55372903629942
-262.9773287351129 -88.20924959142502
-383.15078724590614 -56.38086282290408
-383.23141557441056 -56.29560724185984
-435.0095151434293 -147.4688131079676
-291.13773985672094 -64.41113989210679
-296.9565381152944 -71.15311284795175
-268.9498040322705 -56.390481732715585
-291.2867415138385 -64.29428698302122
-361.86556857458623 -56.00280185172598
-319.60712218743987 -145.54549318336169
-361.9394093492909 -55.771052130653786
-383.2090700012244 -56.50292534454444
-292.410890233678 -137.28369259904304
-383.20727410469635 -56.196299389283965
-269.12269413845814 -56.49591089723228
-435.34158204942935 -147.523344557215
-262.50133089821844 -88.2078167245167
-296.9863175450125 -71.51180536384817
-262.44168403160165 -45.688854300490505
-297.3184071403638 -71.22096913437909
-394.80832288989603 -81.31486745044069
-319.47783963921404 -145.43193091776132
-292.18006940089424 -137.07029168755912
-310.8336753576558 -67.08177691567744
-310.57683740212235 -67.22755255958296
-361.9323962770909 -57.39506307199453
-262.7797416138838 -88.08814071009262
-327.4784129098694 -165.72727782496366
-362.0620143526926 -57.062712892882146
-361.996217984335 -56.16262839205096
-362.3867966018339 -55.975869591809825
-361.92920051634724 -56.95986893929407
-396.95164426452703 -166.6588173297239
-382.9389237098574 -56.32116920247262
-310.68858451962393 -67.41532000461991
-290.9958612807791 -64.65676105745685
-292.2168068983245 -137.61995703502154
-361.9730363429336 -56.81151564757701
-103.26847666165934 -151.50539445459842
-255.07609387506136 -99.06348869406034
-99.59314828983406 -175.83958339288188
-92.43882456508977 -171.2606742974669
-180.55603884136082 -156.90215977929998
-194.7536542316898 -94.00042184597939
-166.02466996992337 -49.483722550632464
-248.3742456617636 -162.09442391865062
-259.3830212481056 -45.653580953771026
-235.35580960624873 -134.52748921907184
-232.62277274144475 -60.7171539980052
-218.53594601541664 -89.89171586466466
-213.0963940747343 -145.44376788354512
-245.54503482507857 -180.855613153184
-259.9555368349302 -88.40863260918218
-201.92306843767378 -196.43109646442525
-234.24208973730418 -206.9993342320729
-201.73686724542816 -196.48492935667707
-234.39590016177135 -206.97252504469827
-212.78447737529945 -56.84297340173043
-260.127015130615 -88.31511672917615
-234.11960161843913 -206.8732089414492
-225.45487528421305 -119.40063626179885
-201.85538816560754 -196.22279446896437
-234.1174523180767 -207.1761626595901
-234.31230571626 -207.28639715367598
-213.21666963807587 -145.64693245984148
-227.1059724980359 -115.71631190598687
30.111272707528574 -185.66057969273555
-4.7742208668200945 -157.73788696668674
60.90147589514738 -88.69581104020972
-57.71500083074649 -114.78877122749282
-40.280276448124035 -56.38307744109585
13.665772411179333 -111.96928243403403
95.98493887191566 -119.24208307536743
64.83250913005652 -209.5343205628377
105.16294370978393 -87.45918639340472
12.577739638057412 -52.082821768648856
105.36422163214729 -46.80269483553025
105.60777050341788 -87.46389477756406
105.25130841950349 -46.66106309222758
106.26062427007349 -69.24594774142525
105.98733997267506 -69.42548238974433
106.03543039639607 -69.16118995099602
105.70444089080169 -69.31019985878669
106.05441244515063 -68.91705115659332
106.06387321705961 -69.61525749858757
105.45203079653962 -69.40990786901163
105.44624432441856 -69.15548323538232
104.82145384746036 -46.76718737595938
209.18626987415757 -127.83284349967906
232.56272617057004 -138.7552276623029
269.65258785038213 -177.894166027276
281.20718259537415 -138.75605272962054
277.1575376828807 -186.13383280568667
251.6568685709138 -218.5495231175887
115.83838835645815 -38.295705504931874
106.09940993598306 -69.92949538740939
274.2633170420142 -48.34937187341028
272.1356004405842 -55.553118849371614
106.3637593801149 -69.91753328641576
106.27377752804543 -80.35102105974596
106.01640336167857 -80.36136327857261
287.85314934302596 -176.9523571846355
287.6155134541985 -176.90117550869775
106.12390936459082 -80.19687785812735
285.1006092619451 -66.78872538046049
285.1973181524704 -66.89860234537537
285.03731559778436 -66.691727716374
285.2408982081883 -66.68981906064586
284.9563434912309 -66.65721240025262
285.6184820154344 -66.86412553239546
284.95590345532815 -66.89213931805384
285.5253209143749 -66.94732807093096
285.63360274914237 -67.01705726016935
285.1645189763697 -66.55267912133166
284.9915188612064 -66.96332200088347
274.9439260732353 -90.22081871632602
285.39339815073265 -67.07403090867697
288.0967917219259 -176.897088675251
285.0750596773421 -66.5181211767322
274.9836228121115 -89.10572373518542
275.0035894411984 -88.91870847651971
285.4876703424465 -67.1338414136451
285.6722324009544 -67.0818305450531
285.06625895928727 -67.04169789561075
115.9995030331328 -38.225255993250144
285.29168935226244 -67.1235143210526
285.6754501634932 -67.19298636431031
285.26712984844056 -67.20044359774961
287.930282136328 -177.0951708368707
285.0906039456065 -66.46407239186561
274.4418671100009 -48.36791766782065
285.1612517097919 -67.1908948186601
285.8933724438778 -67.13583120099281
287.98011620231364 -176.7537579808301
285.9841133474722 -66.93716599180199
285.55133253667583 -67.43679513178597
285.9742565432507 -67.23050905080451
285.08848077237576 -67.20371223943968
285.1149709337209 -67.2590440039852
285.3556155680334 -67.37071824054034
287.7992174426961 -177.23830901558415
284.8954810254328 -67.0713274380995
274.43799479405675 -89.79816148151713
285.51120126234565 -66.52177072450057
285.2885045924163 -67.43194373595823
274.2822000826906 -89.015494373328
285.00121615241306 -67.16376798036819
285.3908184402528 -67.60979937228589
289.79966466015526 -75.40424057452579
285.42496522630563 -67.71545061742225
287.5917020114113 -177.00598656028228
286.0832864390528 -67.41297681343781
287.4222771879578 -176.85485072903649
274.3115779796475 -90.36682262885608
288.01035216928085 -177.41096810292288
284.8668456890618 -67.1444490291256
284.5625608623151 -66.93649493705031
285.3103028709484 -67.73847274580888
274.0620721223435 -48.3855383555011
284.699747555444 -67.09462321381314
286.3164669643651 -67.38061354790328
286.4413436531147 -67.40996944306501
275.73789385345174 -89.07824349305912
288.28148029075584 -177.19227575970848
274.0458733006738 -89.2087031373248
251.24632607455231 -218.52979850824826
274.0531558948642 -90.40138469879214
273.98252463202516 -90.34999950624935
273.9697965935384 -89.27331965941819
288.20205381031076 -177.0395778010079
286.4569759285596 -67.0141667743332
273.97790975549515 -89.84554509756936
116.04526676701805 -38.62580517327555
452.157829892355 -173.55447694993836
449.3351370874793 -190.62401416176235
369.03715728634336 -186.98344862625373
392.227404139837 -156.53283764612794
368.0046487934744 -74.5618385925393
303.63371761296384 -118.30762283230276
442.2094046955158 -192.5253817952702
312.8878624131286 -188.83257299720844
292.1888050826219 -75.57641699748368
334.11901854845996 -75.32564878718372
362.42763926256055 -45.03160705036845
345.655049278805 -196.88935535399042
346.9408149350488 -217.7670787775753
325.2588571435916 -112.13896577858046
459.1718206672658 -125.24239064337351
351.5270341268981 -43.939751121563404
352.86088470641414 -88.57088759764542
339.2300795624082 -196.05307262127647
443.7265879832364 -54.231590650244584
315.0661886438228 -80.31669825933201
443.0977106728315 -186.2950729613492
457.1280794174255 -152.3298677237725
410.97024387722604 -216.2346537462734
374.156405718307 -62.83837319430873
441.0595468780585 -165.24593905229963
379.9284584128872 -57.69099202948176
403.4215324741997 -42.86011065817411
429.67006460467314 -169.6626454135148
460.95281647957836 -174.48886018672005
360.03718272405166 -219.75102464868166
470.4775201047689 -90.93578905110256
407.5590910596124 -52.15418940406886
380.9356428395533 -78.22621694594727
458.11999734849087 -97.10826341628118
346.71256556207175 -210.0698827596172
424.1115475825721 -84.9065958763058
473.4523443221203 -159.99452308672278
392.88175952901076 -124.74685521239724
470.31365623503626 -90.75664493464717
457.9523491699946 -97.16422223198809
346.5400137334843 -210.0316271383225
448.4049176904274 -60.48260798628229
473.82782695793077 -159.94213681250125
363.44816502775296 -84.89170616144675
363.6153704201221 -84.92644699596829
392.7300406501938 -124.74364570053162
445.4971109410637 -117.32630151582038
452.46490894708404 -98.9002876284062
422.63019971868107 -100.35984546443828
448.2691391121873 -60.501941376202964
423.90655135683056 -84.93713436795616
424.3027596836602 -84.94099293277833
360.24698359180627 -219.80238233898052
448.3432301573116 -60.593845624715186
403.49016157368123 -43.06976129492129
392.9946947434497 -124.6972384141386
473.0471427615284 -159.8536345915621
381.0224454218181 -78.42368030707873
392.6034423209747 -124.69424066955116
457.7975500398585 -97.11513347681273
424.03990423715675 -85.05931858702588
380.8403338132436 -78.02811278253245
458.1450628936008 -97.36569542028329
380.6693523627841 -78.23381719105495
440.9868584473742 -164.96854041921057
458.3306810382753 -97.2043672574402
346.7543579719347 -210.61690789166317
445.7623700836858 -117.38230158489318
422.6000792611383 -100.0121978497007
470.98168023943896 -78.57777950510706
380.8241899960617 -78.44577010939642
360.1358772765881 -219.51859768485286
458.20119497344444 -96.89987066341534
461.1554585132402 -174.67299871067158
363.38130707278 -85.0588592995524
445.6188798762502 -117.53264535151405
447.065860936137 -220.61621223975703
452.6418693853721 -98.94395294108025
482.1736321531917 -179.85065365805116
630.7499096575189 -148.67047965252408
501.2737910131713 -150.96472784134707
512.3174861986204 -97.83978460144962
566.8737974745304 -133.91325960377947
636.530287281334 -64.69768577152414
551.6976852481698 -142.62220817111904
558.7649588704539 -202.8952293761662
546.4314345722217 -64.44276059705544
644.2620536199014 -118.98357573362799
636.0451146958674 -162.79642969564262
653.1821644160698 -68.09200171540905
532.6417627162036 -151.60914942001637
653.5177192941551 -46.29824111440635
559.1832817516208 -159.260103165045
572.3068602607595 -170.69093781239062
506.89375629886604 -111.82780814107781
629.4059079997714 -141.37017401704486
536.4819697905623 -102.76677309683176
641.1510987955878 -81.08397648693493
555.3663883294344 -151.5990285942533
556.2971742727111 -83.97810637039647
654.40028280294 -147.3428528308075
513.3217155091771 -112.7919818084752
476.0957064632229 -160.12911906847427
592.459998565093 -112.97336735781019
615.3021522674975 -68.5242998618246
478.0067176726173 -136.5680842122075
623.8169239918542 -63.564651076673584
484.13610152201977 -85.37229687307611
601.5834719537138 -50.40376921143597
577.0119111481445 -65.86412056650505
622.3807733156236 -155.5062448859265
510.511853876203 -79.07417438120588
623.6697649850795 -63.64750983716006
643.4018769376686 -54.74295087237324
580.9300073275131 -80.81958916544508
537.5883658119506 -113.50333834840048
537.4714675241626 -79.66102001222568
617.5604440226176 -112.25101817098951
486.56760894114 -125.46766977400709
544.1887228382831 -102.18347525527781
555.2132558352799 -151.67895561553775
585.1607710175755 -43.24029050535731
604.640588385327 -81.28386829620464
537.3812189107343 -79.56399622100747
623.9730047265571 -63.6241796836415
581.2768216242598 -80.71082191607243
486.70556363443035 -125.46862685209555
537.4041860346331 -113.45211266887242
483.98420147217104 -85.35027857659261
657.4420639833425 -38.53426732770518
537.6056097188892 -79.53658748471538
499.41128405032447 -201.12270975543026
581.1496622492647 -80.96234368785584
654.2380800687401 -147.419743604363
657.6606188153373 -38.48698108678535
657.3657727587045 -38.694035683595374
615.1970166894347 -68.39576949997
604.7739027625116 -81.37837838232844
657.592902790354 -38.77204395067149
576.8760995672117 -65.91720952305879
623.7941136307458 -63.81705704559906
543.9654953750461 -102.24716220152666
486.4704992054095 -125.3032641100692
612.5267193185764 -80.5828952284719
617.2923686502179 -112.21306232415355
510.24708702374704 -79.04800737122684
477.8504040282862 -136.55414607498813
601.6922763311157 -50.209865328224055
654.3585178953209 -147.697730785472
510.50571812558417 -78.88678921735944
657.5998663585149 -132.32267282703253
598.4054391564757 -122.97785312865884
623.5023093222907 -63.49931812112604
601.434734318138 -50.50144136805463
615.0049630196826 -68.49867189582642
476.30796319541514 -160.14355224608423
601.6895316071724 -50.56996595900925
507.00730481334443 -111.5980241428899
652.8797992459488 -68.10923324633802
513.5261493140305 -112.90576409202693
623.6987303483775 -63.97004240274859
544.3853666325457 -102.7979413898679
601.6687179089727 -50.90303188401968
537.6329414488984 -79.88669380005953
555.599164571761 -151.6532740201639
643.2166713266529 -54.62016847949823
629.5085298727399 -141.5281634074759
559.3413618994568 -159.37964991892267
585.3171707783079 -43.6666809978895
643.333654871397 -55.43514522384626
601.8234840364161 -50.43695616917596
643.2940736419454 -54.875000146337584
640.9344416184235 -81.01160570716789
585.2521334718824 -42.866193982640496
654.5059354231886 -147.17755334394212
572.1013139901396 -170.5109961308615
537.6498580791344 -113.90835564395815
643.542644422956 -54.787445377701516
786.3719172833509 -189.03694767223735
683.6864715030023 -206.59874204756215
762.2922011076236 -51.705072260383176
670.4928447785957 -162.3312952450971
681.9506440009941 -106.49180627409623
675.5772664315256 -57.336983833281266
660.5939259413169 -132.57184865740945
757.3704215372402 -124.78392823720333
704.9575608965075 -92.17153087587768
671.3263628482395 -39.547064489660826
739.6314494559003 -140.9811547767763
695.9452488275926 -155.74195561767945
668.6829324194681 -69.80681475283689
670.0774838890992 -134.27347299376476
658.3341729575994 -46.72899054071107
668.3039435913356 -110.6574474007771
724.9794117390333 -124.40554686488355
687.6244573051747 -211.20740307045133
715.2341951220807 -192.7826817885015
662.3469431192766 -38.80130509200845
698.5794398775187 -57.883388789726794
724.17061199867 -144.02957499886142
704.5816684772626 -195.41907989350216
689.5637381570405 -99.50383262193509
700.4823847647153 -119.63165786096323
671.6843004275403 -189.32984657000054
745.3388168727773 -53.1601369173146
671.798777830307 -189.28830718078163
671.576510882939 -189.24993605006244
671.7229369549133 -189.1785457252912
671.7961912442663 -189.38771679166
700.0837369888499 -119.61812675695388
698.4332888279836 -57.72030048327274
671.6790378731658 -189.44984436067853
671.5361506524282 -189.401588923494
739.4985833652916 -141.1983674992677
689.7063799202512 -99.65965483554511
745.0969923922006 -53.1634612510486
669.8621124418382 -134.22192278775842
745.443677428401 -53.30215231691997
714.8831372290967 -192.77334752691456
952.8064101050967 -152.83161316142622
853.5178142566323 -212.10093997456093
968.7445270037882 -163.3305947784309
907.8458572517726 -159.43443988926293
883.0976440330471 -123.73648877610944
1000.3529494503134 -100.98757868149607
904.3561332734998 -202.81571488854058
852.4273193451234 -191.2013962706488
984.8460732367586 -126.40374714901435
867.2140695845005 -211.14782770966875
911.010735725743 -231.762193121461
980.1306870061079 -372.2265170488095
951.2473464003324 -269.48750927331173
1007.2830968844054 -405.43213231107154
1007.2146658010801 -405.73511353145636
1006.988366337197 -405.1854591848915
978.6172275222142 -371.54715661946244
1007.3024309618821 -405.1503828229941
970.6125234145219 -235.31681345715901
978.4986158446299 -371.0574296624024
977.5807284537523 -371.1173735532535
911.0222041614581 -231.7317443558814
970.7627241694743 -235.37418313797912
1006.9396213600706 -405.55990223588174
970.4248756042459 -235.18377478996962
979.437883479932 -371.7880982780093
951.7049177337996 -270.79952857160293
1006.6332133600934 -405.3238339749578
951.218210523122 -270.92099223188194
970.4199747043791 -235.33398310803918
970.8907966189677 -235.46606675980843
738.9348561205121 -393.5146069543948
690.404857159348 -292.75496317616603
708.8648514442393 -308.059568636352
773.531697143559 -267.5854073298912
774.1146347057175 -251.5418578289024
829.3237447437954 -253.71036438340445
809.4568222919523 -371.1291335127543
693.1971036050904 -248.30884392072883
687.8521923861905 -249.49233835761424
694.3200999809096 -239.68377238445694
694.1883821089846 -239.62583684496815
694.0491657502544 -239.68902256282155
694.1367713980417 -239.35097116854425
694.2235217260429 -239.8138483724199
688.0486697918774 -249.4445037047617
690.33849699499 -221.85983820109612
690.6482616438379 -221.8774306882335
690.411969239626 -221.98669709259025
690.2625440479521 -221.86574013966938
694.4582327512294 -239.85391501647683
690.4175769471617 -221.78601843445318
694.3102885553907 -240.08127056652648
693.9117604142863 -239.73820757585062
659.1057089864559 -222.9501603533924
690.7247646357542 -222.04015230168295
607.9610608042829 -356.5173783325589
514.4980937404479 -224.6804694334702
548.0089385315353 -384.8443705455991
596.4027037523223 -372.1520299713727
479.103578837927 -225.46136268989864
483.54866940564835 -253.26986506785153
539.1725885694541 -303.278914080427
643.1798293206957 -385.9278819498203
507.5436852018806 -232.37422496368598
525.8593215835405 -247.33507472042726
525.8018968982326 -247.30095543661835
516.2738352490592 -233.0478766147511
516.561758990897 -233.04462000529273
516.1243605533463 -233.04577681842767
648.3947993126279 -243.87922388088035
516.349557177248 -233.1736075919525
657.3093876582168 -221.99668683232534
525.9573615826716 -247.23432987560648
516.6899992040783 -233.17493698166805
516.3745512165239 -232.8247127504531
516.629985182505 -232.8628882714624
648.5715727356572 -244.00744896782743
648.6801955982494 -243.8528849818768
516.8774833760028 -233.04166385784922
648.4798747539744 -243.69839043909207
637.9154762995782 -224.14785956296058
516.2686180733873 -232.79534894839622
525.6031189298417 -247.3680114077476
525.6734421675487 -247.084486649825
516.817829633825 -232.8943762780841
648.0994912182972 -243.9014333179591
655.0056621961385 -225.253076508228
525.7782889720504 -247.5325133295392
648.7534725769535 -243.73886480391513
651.7605404250785 -226.55631743403754
517.0164755914451 -233.04743520373614
655.1668473473131 -233.1079679004407
388.4820825572317 -353.9651975988944
423.78172417212 -243.5271154021787
400.32575888853063 -277.62038758879993
331.21567266306033 -313.6706094438942
296.5900056787142 -296.91669073353694
364.3065650650285 -245.63084454646042
336.3561899553606 -226.43124831552495
406.3477657269907 -283.7276321318457
330.2250418370105 -330.14763281222616
308.67883787177385 -299.3409722818448
323.1712305631259 -252.08916348383636
381.3774443863559 -289.14236742272556
447.9558610516783 -237.9697390356443
347.70625738787 -293.12416429946484
328.41091819678246 -252.01648330382523
357.6753642721381 -241.18937241459398
399.869628672645 -248.2998355607324
350.8131996347955 -228.18455650160314
447.89097775781886 -237.70283113349905
350.723341553231 -228.1172870443055
399.9278894261681 -248.10813529481464
407.54136311318064 -229.38074803695096
407.72414302628243 -229.41981084910475
400.03673780716036 -248.25012938018097
407.75355942638083 -229.58924564212174
160.67288914388303 -376.02710714079933
257.3531113301246 -284.4690816270698
265.0584260104883 -240.29532878164014
238.42669961500883 -372.93340722432197
287.2878902232601 -250.82409051591907
261.35694300469373 -226.4760772309504
254.92443767346245 -249.38262778127506
261.1842949182526 -226.50647718004703
255.0471691871862 -249.32295066218995
254.73749392063093 -249.424510948543
286.8869680118223 -250.92237666013324
261.52271002970576 -226.4415160204595
289.8591190110646 -234.5399795749056
254.79078776890188 -249.23652898600346
286.95850134826196 -250.82380311747005
255.15729917274516 -249.4516336614983
289.9835226612188 -234.39852247085184
290.4055940982321 -235.11746894254335
254.58781020786418 -249.22169840096882
289.9004218809858 -234.04553117012034
289.51166666225885 -234.30401100961586
290.39743143223626 -234.33680881060437
287.54008029957083 -250.97160980208918
289.4297704803096 -234.51907443174485
285.70444852948395 -250.96098155992576
289.56700667747754 -234.05441370735088
286.34971717726603 -250.9293237269478
261.3666182941053 -226.6556505543
289.0568015495936 -234.33870371521056
285.1153669660334 -251.05647072593314
290.26183436880603 -234.36081208154292
289.35391929157436 -234.01868279204814
290.4089603728881 -233.2124971399696
290.31416563853975 -233.94209179295137
254.9499377540264 -249.15522960274734
289.734979382452 -233.883422631106
254.80665106319577 -249.59391239508923
287.1340756734564 -250.6002731295499
290.40718372793077 -232.0148827072769
286.06066309320306 -250.91561660857735
260.99968335570566 -226.4209151208721
290.121974457568 -234.70381112950167
290.2680388750347 -235.0696762306128
289.78226124020176 -234.81222841282042
255.22194594730686 -249.28542797569577
289.53239235327806 -234.8330565496982
254.53204115764032 -249.4168446980499
288.96724874293665 -234.18132968748728
287.5318241259456 -250.57676146122145
261.51341427126033 -226.6125541942971
289.184334955106 -234.7801057919202
287.1519796342492 -250.99167543925427
261.52126891212424 -226.29338790336453
290.0799290270609 -233.9349027063903
289.92882069805904 -235.15818188933244
289.91642818694805 -235.1572488757074
290.29962795240283 -301.124946587174
88.77556115528945 -274.2966699050613
-44.895797905759416 -318.48691790883896
34.55240656179477 -373.8840552881588
4.034574597076209 -304.79240381678903
101.47678495430239 -377.1322023060501
80.73058826204733 -314.1592033085047
12.98659349664213 -370.78071858541136
101.33624298741512 -376.9372498997887
80.62843392722559 -314.26289501876164
-239.68960013982132 -304.1729020213369
-202.22140452906024 -244.87390716257198
-255.2232982605386 -241.29460975095932
-204.09960702251308 -224.67451386552125
-203.94794314818398 -224.6396158384868
-204.03911858723228 -224.53757959142487
-204.2657150753497 -224.7608167663918
-244.5184104372966 -297.1841693072435
-203.94126835358423 -224.45696389676374
-244.7442588643794 -296.9246471327034
-244.42477217230515 -297.58294084320664
-244.29090431246152 -296.7663332157941
-244.93117580252306 -297.431188961697
-244.92225751237544 -297.4450858455505
-244.4357414422932 -297.5639807962472
-244.7175754997707 -296.3465802179433
-201.6807406660333 -246.6720918773354
-243.91838573098968 -297.03165561357724
-245.59787076098823 -297.59357596093105
-260.89471529205775 -223.36548814350863
-349.9507219364674 -343.7411724157186
-373.3898338449817 -269.803713572574
-412.12574195152047 -373.1159396172285
-294.4420904602901 -233.44341457438514
-423.35667516381096 -345.7024894405264
-412.294121689705 -224.37180457357323
-412.5383333650541 -224.35094884850702
-437.52834459344643 -226.60548818027758
-436.8541164265931 -226.64033730488455
-436.9729017120922 -225.5860446283835
-433.96309292158253 -226.21825228863827
-433.9897556595082 -226.8943827513258
-434.4466937538091 -226.21764844249518
-433.602814901324 -226.51157523662494
-436.20195949804287 -225.7156066681632
-433.9424029834804 -226.09183959956562
-434.1470251787046 -226.97830378598377
-435.8191148553127 -226.30185103137526
-433.93346544176205 -227.041481596942
-434.7237434521784 -226.1858228458293
-437.6064293081662 -225.37194619123812
-436.1908124948035 -226.66563490017762
-435.50361633238515 -226.21123801321514
-435.40364705084295 -226.19072615214245
-433.4800455720149 -226.91013259886353
-433.81145036149246 -227.12644273208724
-433.63417433495545 -227.0901076268634
-435.09045080950966 -226.13837030227825
-433.56199538333976 -226.0473119196556
-435.1205925812914 -225.96095487374234
-433.69878398148785 -225.5635570748631
-433.91563367435947 -225.45963829920476
-433.73122837864196 -225.4980682159703
-412.3816462058727 -224.64915567934702
-434.79323852856544 -226.94755799616985
-435.177320772272 -226.81738660979826
-434.3646009308158 -225.49812373612525
-433.69902050078554 -225.40287813686558
-435.7844032419253 -225.32650131149333
-434.17138116592145 -225.37278672856797
-433.70570767139503 -227.28540398306285
-433.7958387127304 -225.18973987181113
-433.6328143489935 -225.2099600372092
-435.4046453822973 -225.39070134648034
-434.63217782504444 -225.4099833415827
-435.51975224267187 -225.31074905750927
-433.9372463127452 -225.072399141674
-435.0842841188663 -226.97826029806055
-412.3871906582473 -224.88441185057468
-433.68817086555856 -224.90787418675308
-434.78648363368023 -227.05440146358018
-433.577510774248 -224.9181663858736
-434.1632487523939 -224.97327297579702
-435.04370662062854 -225.34258788963007
-434.33875432197846 -224.9766868637128
-436.4254217616874 -224.78098966230817
-436.11284157061795 -224.8585473652788
-412.2395036083892 -225.0095267775123
-435.493172699034 -227.03269738023351
-435.5373908068109 -224.88662492176525
-435.4124127035368 -227.04461496196978
-435.137449394147 -225.1524476884988
-434.4719157179314 -227.22658459021005
-434.6513444826113 -224.99796775628113
-434.4555597896932 -224.8948651097112
-261.58002772864575 -243.1494786531131
-434.88332866031294 -227.14046681381888
-435.0659318714976 -224.88416381471234
-436.8732597072527 -224.57921755899935
-434.9031034612486 -224.79678282588003
-435.32655104179213 -224.6788021529047
-436.2672635762343 -224.60991951711202
-412.01054055218236 -225.16553549071392
-435.64576271142715 -224.5669977104135
-435.1762578105445 -224.6078623492667
-412.205494333556 -224.6164215632421
-435.7476867149561 -227.19781586795602
-436.36319759103714 -227.36345621075696
-436.8616788561154 -227.57660358592975
-412.383927517006 -223.9910728766768
-412.5152878597601 -224.7895397661653
-437.5246414163024 -227.74657776670563
-437.0860036588849 -224.45048935287755
-295.846971085182 -232.9142218972978
-435.9978557201166 -227.32404343254927
-445.68927350838766 -223.85450185243303
-435.49126266819366 -227.23574249365782
-434.14176881233516 -224.14251381094113
-433.54824219871074 -223.95508077600135
-436.0636455566913 -224.31860535021028
-434.3562766891369 -227.484253972955
-481.19940493091576 -268.3402559183538
-611.1398446469449 -406.11551356847997
-445.5581799460746 -237.47679500360152
-445.5691203387065 -238.79569536332184
-481.1540207279966 -270.7434844989399
-611.5284135379692 -406.09457886040695
-481.39205264913653 -270.2879868346644
-481.14927934114456 -270.1194915870554
-481.05838442498424 -271.0613389328374
-445.60141897396784 -238.13181319685373
-481.34200956609715 -271.2718548589339
-557.4640761524475 -224.00459401112275
-557.4185929414504 -223.95466884395415
-789.8656960140986 -406.1111132094525
-720.1682883687887 -318.8601178584039
-720.4652465977547 -318.94081494251816
-720.0331643439539 -318.84911146038655
-720.0029943823721 -319.0087839881456
-720.5594417831855 -319.08166493453734
-720.4439708618571 -318.4368033199653
-720.6993016944236 -318.88626149147564
-720.200432991484 -319.2956928971827
-720.8484243614143 -318.833979725781
-629.5796756999235 -258.4587285547413
-720.1359127272444 -319.51837306576573
-719.9720543579606 -319.43372665942434
-720.8036177056176 -319.3673252417004
-720.6150073168044 -319.53847170562346
-720.4882274727754 -318.05714584352756
-719.6659378817687 -318.9001941282462
-719.5741958964956 -318.94168951387485
-720.1955045893733 -318.03877984503686
-719.8297962510526 -319.4488143904396
-720.9185110798237 -319.5352759448798
-813.5851816491567 -245.77226658515318
-813.5988997684246 -231.10550657333687
-466.864624849253 -455.0565232899267
-301.4597720363352 -431.55138674443026
-325.9618126697199 -477.25660410529287
-431.5658763315177 -410.346790557388
-275.4102351419796 -471.59743437088815
-410.6751017180799 -449.5998525775155
-271.74213986030566 -415.07410898034203
-156.83523519948133 -414.2759199494617
-144.72034273952687 -475.1637108451162
-177.3753685789307 -503.09293535409637
31.54105936451571 -489.4279696729156
-1.2600858968426856 -450.6863823530071
100.93612384149985 -411.6782247209975
-56.13356267544002 -430.0053384766019
28.316817297040885 -497.7071131722511
171.5720146588225 -419.15313247734844
256.6540647945785 -485.13544419367884
122.6704081280165 -464.63668518998486
122.58923594263851 -464.41902143069314
459.8201145618792 -447.10515978431994
463.05616059244517 -475.6295438526573
368.2212427154776 -443.8419415367597
485.6743309019013 -424.7945055097116
601.3485422856882 -415.6195871111674
625.4133357438637 -441.90308284433814
825.1684417106046 -444.7547836409899
794.0175575948539 -497.961478676056
824.9339300766866 -463.7445398994177
908.4604278948896 -474.9074696882759
1015.789815951742 -473.50233879296434
945.4826615568988 -465.6412294012345
1001.6457529307768 -411.37504359367716